0      0.01840730
1      0.01674729
2      0.00860129
3      0.00390208
4      0.01392972
5      0.02578318
6      0.00035874
7     -0.05137714
8     -0.04623686
9      0.03194940
10      0.06916353
11      0.00550003
12     -0.05513368
13     -0.02521172
14      0.03058815
15      0.02902025
16     -0.00108672
17     -0.00122536
18      0.01536984
19      0.01593845
20      0.00664160
21     -0.00180089
22     -0.00508145
23      0.00227942
24      0.00310226
25     -0.01240507
26     -0.00794265
27      0.02671191
28      0.02278224
29     -0.03855021
30     -0.03087951
31      0.08878675
32      0.04997275
33     -0.36879542
34     -0.80976605
35     -0.70203990
36     -0.08788134
37      0.50414556
38      0.81732696
39      0.92386854
40      0.81154674
41      0.44511312
42      0.00898760
43     -0.25088194
44     -0.26760095
45     -0.13813818
46     -0.01200645
47      0.00221486
48     -0.09784335
49     -0.23093872
50     -0.31872913
51     -0.33067837
52     -0.26867932
53     -0.16032468
54     -0.05568972
55      0.01648550
56      0.06820843
57      0.10811997
58      0.12339108
59      0.11067238
60      0.08312162
61      0.05049979
62      0.01405706
63     -0.02153390
64     -0.04705136
65     -0.06426749
66     -0.07606419
67     -0.06202102
68     -0.01792898
69      0.00034728
70     -0.03387608
71     -0.03545628
72      0.07879322
73      0.24567960
74      0.28430709
75      0.08565353
76     -0.22346207
77     -0.39719263
78     -0.34619385
79     -0.17322971
80      0.01671570
81      0.18732367
82      0.28544599
83      0.24411450
84      0.08936120
85     -0.06247536
86     -0.11983319
87     -0.07633507
88      0.01930202
89      0.11298288
90      0.15768850
91      0.12023477
92      0.01245926
93     -0.10053165
94     -0.10982709
95      0.01018805
96     -0.02212662
97     -0.46268517
98     -0.61359245
99      1.05514872
