0      0.02127938
1     -0.00240716
2     -0.00446995
3      0.01261938
4      0.02750056
5      0.00361993
6     -0.05003607
7     -0.05183908
8      0.02567885
9      0.07384620
10      0.01695231
11     -0.05133063
12     -0.03009946
13      0.02777687
14      0.03103013
15     -0.00080865
16     -0.00409269
17      0.01417147
18      0.01690016
19      0.00681265
20     -0.00238079
21     -0.00551413
22      0.00335027
23      0.00825890
24     -0.00567496
25     -0.00609332
26      0.02593288
27      0.02869561
28     -0.03030584
29     -0.03699906
30      0.07750396
31      0.07388035
32     -0.30699137
33     -0.77572268
34     -0.74128574
35     -0.16096698
36      0.45170042
37      0.79029697
38      0.91448218
39      0.83068234
40      0.48995227
41      0.05070169
42     -0.23501278
43     -0.27669191
44     -0.15694100
45     -0.02367079
46      0.00568485
47     -0.08364750
48     -0.21637608
49     -0.31118983
50     -0.33190513
51     -0.27666548
52     -0.17051581
53     -0.06347729
54      0.01208149
55      0.06682494
56      0.11087459
57      0.12912796
58      0.11496622
59      0.08393064
60      0.05026685
61      0.01534943
62     -0.01979701
63     -0.04754794
64     -0.06719829
65     -0.08071212
66     -0.06965104
67     -0.02638747
68     -0.00231189
69     -0.03270106
70     -0.04254723
71      0.05956516
72      0.22928479
73      0.29233369
74      0.11986961
75     -0.18944319
76     -0.38820601
77     -0.35972375
78     -0.19333424
79     -0.00320236
80      0.16988216
81      0.28037554
82      0.25904047
83      0.11489347
84     -0.04624443
85     -0.12377252
86     -0.08984432
87      0.01720212
88      0.12295464
89      0.15271230
90      0.09147988
91      0.01406019
92     -0.01952804
93     -0.05038701
94     -0.12189031
95     -0.19741040
96     -0.20496577
97     -0.09710558
98      0.08601754
99      0.22334771
100      0.24281687
101      0.17870986
102      0.08820336
103      0.00384157
104     -0.05623243
105     -0.08566619
106     -0.06709504
107     -0.00100725
108      0.04130363
109      0.00800953
110     -0.05088851
111     -0.08038901
112     -0.08740146
113     -0.08165006
114     -0.05865642
115     -0.02608643
116      0.00485570
117      0.02816140
118      0.04370718
119      0.05343182
120      0.04826484
121      0.02454717
122      0.00675474
123      0.00458444
124     -0.01057416
125     -0.03681514
126     -0.04180219
127     -0.03494895
128     -0.03395178
129     -0.02261189
130     -0.00624300
131     -0.00993310
132     -0.00568749
133      0.05600237
134      0.14438488
135      0.16683327
136      0.08162124
137     -0.06343332
138     -0.18828706
139     -0.24217857
140     -0.21457759
141     -0.11879889
142      0.00653925
143      0.10139118
144      0.12632363
145      0.09345643
146      0.04086125
147     -0.00342991
148     -0.01706596
149      0.01962090
150      0.08632442
151      0.11928556
152      0.08911888
153      0.03879652
154      0.00429097
155     -0.03825945
156     -0.10806593
157     -0.16446616
158     -0.15506279
159     -0.08445650
160      0.00402297
161      0.08380822
162      0.13900061
163      0.14711481
164      0.10692012
165      0.04848853
166      0.00253656
167     -0.01965107
168     -0.02227007
169     -0.01362131
170     -0.00382693
171     -0.00944581
172     -0.03476064
173     -0.05871795
174     -0.06584845
175     -0.06367239
176     -0.05850621
177     -0.04405333
178     -0.01753803
179      0.01357189
180      0.04011133
181      0.05470410
182      0.05613345
183      0.05305338
184      0.04908289
185      0.03426524
186      0.00751641
187     -0.01432619
188     -0.02532715
189     -0.03455449
190     -0.03660598
191     -0.02656350
192     -0.02829213
193     -0.05335249
194     -0.06333088
195     -0.01966485
196      0.02939363
197     -0.03652376
198     -0.16593164
199      0.12145102
