0      0.01002826
1      0.00626450
2     -0.00270375
3     -0.00403533
4      0.01090912
5      0.02616956
6      0.00196292
7     -0.04966485
8     -0.04348038
9      0.03671594
10      0.07496267
11      0.01145543
12     -0.04942599
13     -0.02173185
14      0.03036807
15      0.02653835
16     -0.00392281
17     -0.00414456
18      0.01248074
19      0.01327916
20      0.00304796
21     -0.00630410
22     -0.00746517
23      0.00322418
24      0.00520874
25     -0.00981257
26     -0.00367520
27      0.03129575
28      0.02483049
29     -0.03745432
30     -0.02667794
31      0.09422173
32      0.05114970
33     -0.37033090
34     -0.80738699
35     -0.69650477
36     -0.08710293
37      0.49693882
38      0.80714440
39      0.91736209
40      0.81284231
41      0.45422861
42      0.02261638
43     -0.23731081
44     -0.25933543
45     -0.13883235
46     -0.02068810
47     -0.01044488
48     -0.11010907
49     -0.23920542
50     -0.32179081
51     -0.32868868
52     -0.26209214
53     -0.15280078
54     -0.05223251
55      0.01645227
56      0.06994721
57      0.11394421
58      0.13037503
59      0.11475999
60      0.08305532
61      0.04823214
62      0.01171304
63     -0.02348809
64     -0.04840409
65     -0.06468613
66     -0.07586270
67     -0.06148212
68     -0.01771095
69     -0.00195896
70     -0.03846487
71     -0.03550975
72      0.08828990
73      0.25507510
74      0.27656680
75      0.06056362
76     -0.24571314
77     -0.40128908
78     -0.33703372
79     -0.16212852
80      0.02520465
81      0.19207266
82      0.28481495
83      0.23996636
84      0.08691827
85     -0.06053908
86     -0.11330902
87     -0.06204513
88      0.04426173
89      0.13469091
90      0.14538880
91      0.07402104
92      0.00015430
93     -0.02857577
94     -0.06282349
95     -0.13759589
96     -0.20590881
97     -0.19435672
98     -0.06637386
99      0.11949042
100      0.24028112
101      0.24101155
102      0.16619425
103      0.07230116
104     -0.00923433
105     -0.06335567
106     -0.08458856
107     -0.05599562
108      0.01023513
109      0.03913841
110     -0.00302753
111     -0.05787607
112     -0.08197552
113     -0.08716542
114     -0.07951896
115     -0.05546816
116     -0.02349798
117      0.00694104
118      0.03063273
119      0.04717416
120      0.05595280
121      0.04550986
122      0.01724660
123      0.00209570
124      0.00417793
125     -0.01030640
126     -0.03392265
127     -0.03528311
128     -0.02880188
129     -0.02861458
130     -0.01838253
131     -0.00651572
132     -0.00959155
133      0.00781184
134      0.08100935
135      0.15898372
136      0.15178724
137      0.04113077
138     -0.10659758
139     -0.21314539
140     -0.24142183
141     -0.19095153
142     -0.08204069
143      0.03921456
144      0.11483118
145      0.12022828
146      0.08000281
147      0.03154940
148     -0.00336828
149     -0.00576795
150      0.03860862
151      0.09995007
152      0.11569436
153      0.07337216
154      0.02415324
155     -0.00804172
156     -0.05406471
157     -0.12215681
158     -0.16365391
159     -0.13527040
160     -0.05360789
161      0.03686379
162      0.11153910
163      0.15351552
164      0.14436458
165      0.09274272
166      0.03280661
167     -0.00894136
168     -0.02631179
169     -0.02620301
170     -0.01778555
171     -0.01183248
172     -0.02294378
173     -0.04893999
174     -0.06756514
175     -0.06983637
176     -0.06525003
177     -0.05675481
178     -0.03815184
179     -0.00874909
180      0.02422921
181      0.05094769
182      0.06217614
183      0.05853986
184      0.05144804
185      0.04328497
186      0.02402953
187     -0.00322397
188     -0.02033094
189     -0.02484116
190     -0.02928627
191     -0.03340752
192     -0.03441817
193     -0.03941275
194     -0.04355247
195     -0.03750877
196     -0.02819258
197     -0.02214791
198     -0.01769028
199     -0.01307346
200     -0.00153021
201      0.02256414
202      0.05552214
203      0.09505554
204      0.13529822
205      0.15595636
206      0.14033853
207      0.09143637
208      0.02700017
209     -0.02827152
210     -0.05585391
211     -0.05818361
212     -0.05377509
213     -0.05634297
214     -0.06256510
215     -0.06257350
216     -0.05752891
217     -0.05736695
218     -0.06122699
219     -0.04961538
220     -0.01270836
221      0.02612326
222      0.04410379
223      0.04932161
224      0.05160135
225      0.03830262
226     -0.00060682
227     -0.04950860
228     -0.08201136
229     -0.08392575
230     -0.06365583
231     -0.04378129
232     -0.03219236
233     -0.01915027
234     -0.00545686
235      0.00173054
236      0.00825207
237      0.01888269
238      0.02869330
239      0.03607200
240      0.04275388
241      0.04849571
242      0.05082516
243      0.04494492
244      0.03092662
245      0.01589537
246      0.00255019
247     -0.01165476
248     -0.02477367
249     -0.03249752
250     -0.03092156
251     -0.01613340
252      0.00474382
253      0.01341958
254      0.00374098
255     -0.00861783
256     -0.00805285
257      0.00139655
258      0.00958439
259      0.01818521
260      0.02808452
261      0.02858304
262      0.01533424
263      0.00086217
264     -0.00437665
265     -0.00613187
266     -0.00965144
267     -0.00675824
268      0.00437626
269      0.00989159
270      0.00523776
271      0.00225798
272      0.00396137
273     -0.00011054
274     -0.00977076
275     -0.01225408
276     -0.00626660
277     -0.00217159
278     -0.00232413
279     -0.00204645
280     -0.00195679
281     -0.00510564
282     -0.00870298
283     -0.00919878
284     -0.00728610
285     -0.00368951
286      0.00003312
287      0.00185614
288      0.00065457
289     -0.00571989
290     -0.01383956
291     -0.01747606
292     -0.01821066
293     -0.01775497
294     -0.01434957
295     -0.01020612
296     -0.00630708
297     -0.00175600
298     -0.00025140
299     -0.00211850
300     -0.00174683
301      0.00515962
302      0.01850360
303      0.02939823
304      0.02918289
305      0.02256406
306      0.01638322
307      0.01014439
308      0.00380203
309     -0.00221861
310     -0.00973349
311     -0.01455756
312     -0.01075183
313     -0.00477900
314     -0.00389472
315     -0.00353212
316     -0.00036779
317      0.00239198
318      0.00324541
319      0.00304790
320      0.00250358
321      0.00266156
322      0.00205073
323     -0.00182087
324     -0.00648281
325     -0.00851886
326     -0.00674182
327      0.00133053
328      0.01562117
329      0.02782289
330      0.03020868
331      0.02670438
332      0.02285480
333      0.01486318
334      0.00198803
335     -0.00755698
336     -0.01092798
337     -0.01286608
338     -0.01588806
339     -0.02000678
340     -0.02472327
341     -0.02641659
342     -0.01990856
343     -0.00679166
344      0.00382920
345      0.00995954
346      0.01748298
347      0.02333133
348      0.02025631
349      0.00995929
350     -0.00142389
351     -0.01020423
352     -0.01704442
353     -0.02191134
354     -0.02138537
355     -0.01832135
356     -0.02070412
357     -0.02666526
358     -0.02495434
359     -0.01203184
360      0.00133538
361      0.00659493
362      0.00831319
363      0.01203622
364      0.01743891
365      0.02285804
366      0.02418159
367      0.01735888
368      0.00772692
369      0.00420537
370      0.00448052
371     -0.00086619
372     -0.01137959
373     -0.01640951
374     -0.01241757
375     -0.00498337
376      0.00376370
377      0.01287158
378      0.01729333
379      0.01613534
380      0.01517158
381      0.01696402
382      0.01768710
383      0.01516227
384      0.01272416
385      0.01087434
386      0.00406045
387     -0.00529812
388     -0.00711675
389     -0.00384922
390     -0.00660192
391     -0.01495177
392     -0.02095661
393     -0.02255459
394     -0.01918673
395     -0.00922829
396     -0.00340575
397     -0.01715582
398     -0.02953596
399      0.03126675
