0     -0.02154517
1      0.01420056
2     -0.00356623
3     -0.11633062
4     -0.28410450
5     -0.38014531
6     -0.31683227
7     -0.12487042
8      0.12296945
9      0.37562993
10      0.55841160
11      0.57093930
12      0.39486894
13      0.13297752
14     -0.10015888
15     -0.25855896
16     -0.32393250
17     -0.28026873
18     -0.15131737
19      0.00513989
20      0.14405583
21      0.23661835
22      0.25685176
23      0.20456716
24      0.12119280
25      0.05558246
26      0.02558313
27      0.01936541
28      0.01449550
29     -0.01097249
30     -0.06946896
31     -0.15348454
32     -0.23418683
33     -0.27619550
34     -0.25890428
35     -0.18372253
36     -0.06806602
37      0.05034073
38      0.11893664
39      0.11623311
40      0.07649738
41      0.03420340
42     -0.02325419
43     -0.10639200
44     -0.17081536
45     -0.16803330
46     -0.11405110
47     -0.05693434
48     -0.01046913
49      0.03430812
50      0.06769575
51      0.07419230
52      0.05831407
53      0.03218340
54      0.00175971
55     -0.02332870
56     -0.03005931
57     -0.01882935
58     -0.00296467
59      0.01212653
60      0.03707290
61      0.07887297
62      0.11847435
63      0.11820798
64      0.05715439
65     -0.04058441
66     -0.11852665
67     -0.13565701
68     -0.09420629
69     -0.01667599
70      0.07722403
71      0.15396981
72      0.16606604
73      0.10436534
74      0.01886513
75     -0.03936712
76     -0.06140750
77     -0.05751948
78     -0.03325101
79      0.00495158
80      0.04242033
81      0.05967104
82      0.04668870
83      0.01376528
84     -0.02051829
85     -0.04313131
86     -0.04157839
87     -0.00669295
88      0.04945878
89      0.09535506
90      0.10588387
91      0.07834890
92      0.02513887
93     -0.03418266
94     -0.07170282
95     -0.07109966
96     -0.05864795
97     -0.06401446
98     -0.03341347
99      0.11716060
