0     -0.02480765
1      0.01472964
2     -0.00661713
3     -0.12524140
4     -0.29309219
5     -0.38153723
6     -0.30917454
7     -0.11216591
8      0.13684781
9      0.38790652
10      0.56472105
11      0.56782794
12      0.38475567
13      0.12247521
14     -0.10675285
15     -0.26023152
16     -0.32022953
17     -0.27177253
18     -0.14126913
19      0.01304481
20      0.14806482
21      0.23653099
22      0.25338441
23      0.19989073
24      0.11818922
25      0.05595553
26      0.02902543
27      0.02419830
28      0.01857814
29     -0.00932547
30     -0.07082071
31     -0.15700610
32     -0.23793393
33     -0.27830529
34     -0.25883409
35     -0.18197982
36     -0.06525178
37      0.05301139
38      0.11996173
39      0.11597788
40      0.07688662
41      0.03524002
42     -0.02384566
43     -0.10906170
44     -0.17306662
45     -0.16842103
46     -0.11405092
47     -0.05781881
48     -0.01136931
49      0.03432595
50      0.06840658
51      0.07555093
52      0.06095237
53      0.03611165
54      0.00599651
55     -0.01982776
56     -0.02795796
57     -0.01857320
58     -0.00444086
59      0.00998363
60      0.03571410
61      0.07889938
62      0.11906240
63      0.11800494
64      0.05586920
65     -0.04162112
66     -0.11770231
67     -0.13276581
68     -0.09032261
69     -0.01268811
70      0.08064983
71      0.15540142
72      0.16443291
73      0.10085625
74      0.01558456
75     -0.04185628
76     -0.06361479
77     -0.05921952
78     -0.03374255
79      0.00555701
80      0.04309258
81      0.05971546
82      0.04675553
83      0.01496007
84     -0.01825476
85     -0.04071615
86     -0.03908257
87     -0.00328436
88      0.05338203
89      0.09683628
90      0.10184591
91      0.07065149
92      0.02109436
93     -0.03165819
94     -0.07355613
95     -0.08767553
96     -0.06883713
97     -0.03209996
98      0.00313104
99      0.02643794
100      0.03260647
101      0.02145265
102      0.00168751
103     -0.01759027
104     -0.03291532
105     -0.03980992
106     -0.03463613
107     -0.02201919
108     -0.00812384
109      0.00607475
110      0.01790651
111      0.02094997
112      0.01349716
113     -0.00013024
114     -0.01528459
115     -0.02697661
116     -0.02956512
117     -0.02329342
118     -0.01573903
119     -0.01224145
120     -0.00966226
121      0.00138084
122      0.02863803
123      0.06291340
124      0.07848067
125      0.06165696
126      0.02297002
127     -0.02420506
128     -0.07358461
129     -0.11301447
130     -0.12319982
131     -0.09470662
132     -0.03806706
133      0.02436301
134      0.07318099
135      0.09956187
136      0.10193064
137      0.08076035
138      0.04275294
139      0.00408565
140     -0.02174522
141     -0.03471951
142     -0.03885304
143     -0.03251637
144     -0.01722761
145     -0.00350655
146      0.00128546
147      0.00154202
148      0.00521939
149      0.01564155
150      0.03225753
151      0.05016011
152      0.05949159
153      0.05303400
154      0.03238316
155      0.00390255
156     -0.02613829
157     -0.05126175
158     -0.06514467
159     -0.06493020
160     -0.05211117
161     -0.03046407
162     -0.00572802
163      0.01427198
164      0.02349528
165      0.02172490
166      0.01382390
167      0.00442021
168     -0.00610631
169     -0.01695123
170     -0.02204684
171     -0.01822061
172     -0.01242295
173     -0.01119165
174     -0.01129020
175     -0.00931810
176     -0.00876819
177     -0.01028597
178     -0.00815707
179     -0.00238794
180     -0.00121822
181     -0.00650554
182     -0.00921516
183     -0.00267497
184      0.01086820
185      0.02516542
186      0.03417913
187      0.03573249
188      0.03023347
189      0.01471955
190     -0.01034288
191     -0.02746559
192     -0.01337890
193      0.02347192
194      0.03395354
195     -0.00362213
196     -0.01486842
197      0.07162858
198      0.10145249
199     -0.26572305
