0     -0.02691099
1      0.01495385
2     -0.02038961
3     -0.15628831
4     -0.32112026
5     -0.38351533
6     -0.28407747
7     -0.07332134
8      0.18078686
9      0.42830774
10      0.58361006
11      0.55317771
12      0.34795171
13      0.08527650
14     -0.13389055
15     -0.27547830
16     -0.32019201
17     -0.25689489
18     -0.11979507
19      0.03296554
20      0.16222624
21      0.24040744
22      0.24441525
23      0.18413281
24      0.10679861
25      0.05440915
26      0.03400163
27      0.02911711
28      0.01811346
29     -0.01855624
30     -0.08942467
31     -0.18073817
32     -0.25806877
33     -0.28663814
34     -0.25272638
35     -0.16405520
36     -0.04206165
37      0.07108689
38      0.12481513
39      0.11024036
40      0.06851449
41      0.02507929
42     -0.03933258
43     -0.12498083
44     -0.17816910
45     -0.16020432
46     -0.10099587
47     -0.04627054
48     -0.00066308
49      0.04396334
50      0.07374702
51      0.07588547
52      0.05852952
53      0.03260647
54      0.00288547
55     -0.02023027
56     -0.02515321
57     -0.01543533
58     -0.00354241
59      0.01075400
60      0.04108318
61      0.08848456
62      0.12421477
63      0.10967704
64      0.03584547
65     -0.05986321
66     -0.12151037
67     -0.12114725
68     -0.06979191
69      0.01142082
70      0.10184282
71      0.16204666
72      0.15021560
73      0.07576243
74     -0.00402215
75     -0.04929277
76     -0.06102252
77     -0.04986942
78     -0.02125597
79      0.01639621
80      0.04777543
81      0.05575164
82      0.03567899
83      0.00191293
84     -0.02806407
85     -0.04368491
86     -0.03343271
87      0.00859692
88      0.06439572
89      0.09983537
90      0.09499703
91      0.05793305
92      0.00798228
93     -0.04137997
94     -0.07685525
95     -0.08252526
96     -0.05712735
97     -0.01907104
98      0.01304441
99      0.03131817
100      0.03228948
101      0.01764515
102     -0.00283678
103     -0.02084654
104     -0.03347893
105     -0.03667376
106     -0.02871316
107     -0.01532622
108     -0.00143900
109      0.01231374
110      0.02199463
111      0.02159712
112      0.01131823
113     -0.00397683
114     -0.01970017
115     -0.03000969
116     -0.02969060
117     -0.02175145
118     -0.01499224
119     -0.01228015
120     -0.00733845
121      0.00973888
122      0.04217810
123      0.07353356
124      0.07802284
125      0.05057287
126      0.00688107
127     -0.04173141
128     -0.08946314
129     -0.12095322
130     -0.11769777
131     -0.07733439
132     -0.01676742
133      0.04178264
134      0.08335800
135      0.10203827
136      0.09620974
137      0.06754705
138      0.02679339
139     -0.00810260
140     -0.02750493
141     -0.03554410
142     -0.03602465
143     -0.02692142
144     -0.01213648
145     -0.00236492
146     -0.00085437
147     -0.00018831
148      0.00667236
149      0.02092059
150      0.04016323
151      0.05742360
152      0.06231102
153      0.05000152
154      0.02467946
155     -0.00650770
156     -0.03709203
157     -0.06000506
158     -0.06887961
159     -0.06227737
160     -0.04408659
161     -0.01994946
162      0.00387820
163      0.02042874
164      0.02517045
165      0.01947215
166      0.00913963
167     -0.00167235
168     -0.01290431
169     -0.02227813
170     -0.02323832
171     -0.01555394
172     -0.00890295
173     -0.00878181
174     -0.01018948
175     -0.00992986
176     -0.01077500
177     -0.01132241
178     -0.00705199
179     -0.00154829
180     -0.00267801
181     -0.00830813
182     -0.00835920
183      0.00111571
184      0.01605285
185      0.03042705
186      0.03805650
187      0.03528981
188      0.02285121
189      0.00429097
190     -0.01277429
191     -0.01801855
192     -0.00694870
193      0.01330081
194      0.02928180
195      0.03205277
196      0.02054644
197     -0.00238937
198     -0.03034626
199     -0.05185511
200     -0.05706767
201     -0.04609242
202     -0.02558336
203     -0.00191380
204      0.01780466
205      0.02512861
206      0.01689706
207     -0.00074888
208     -0.01893474
209     -0.03293532
210     -0.03915413
211     -0.03283026
212     -0.01566961
213      0.00151597
214      0.01018615
215      0.01139966
216      0.00914510
217      0.00462094
218      0.00038107
219      0.00214661
220      0.01186542
221      0.02495770
222      0.03567609
223      0.03990869
224      0.03527274
225      0.02379973
226      0.01165528
227      0.00265893
228     -0.00359365
229     -0.00576852
230     -0.00045728
231      0.01010006
232      0.01868404
233      0.02224415
234      0.02208816
235      0.01831969
236      0.01159096
237      0.00546480
238      0.00224102
239      0.00044069
240     -0.00216082
241     -0.00630964
242     -0.01073132
243     -0.01289105
244     -0.01213245
245     -0.00955782
246     -0.00438214
247      0.00409049
248      0.01171363
249      0.01266311
250      0.00676711
251     -0.00058033
252     -0.00611326
253     -0.01121045
254     -0.01574945
255     -0.01669590
256     -0.01355623
257     -0.00935993
258     -0.00654032
259     -0.00488408
260     -0.00331690
261     -0.00198035
262     -0.00160051
263     -0.00153501
264     -0.00059271
265      0.00010006
266     -0.00175993
267     -0.00597777
268     -0.01002115
269     -0.01206663
270     -0.01271156
271     -0.01296322
272     -0.01184699
273     -0.00862337
274     -0.00505750
275     -0.00284967
276     -0.00153852
277     -0.00049224
278      0.00006179
279      0.00016944
280      0.00048821
281      0.00159928
282      0.00254176
283      0.00177639
284     -0.00006578
285     -0.00142188
286     -0.00157414
287      0.00011650
288      0.00307641
289      0.00565354
290      0.00800733
291      0.01042916
292      0.01142386
293      0.01092302
294      0.01004572
295      0.00818520
296      0.00461884
297      0.00016106
298     -0.00349262
299     -0.00438716
300     -0.00215585
301      0.00103186
302      0.00311582
303      0.00412414
304      0.00447318
305      0.00368567
306      0.00213044
307      0.00120500
308      0.00109660
309      0.00114642
310      0.00128641
311      0.00152178
312      0.00118220
313     -0.00043206
314     -0.00189789
315     -0.00047373
316      0.00364950
317      0.00786535
318      0.01129274
319      0.01391486
320      0.01323223
321      0.00685734
322     -0.00289400
323     -0.01179361
324     -0.01806543
325     -0.02071455
326     -0.01841596
327     -0.01213985
328     -0.00504417
329      0.00018315
330      0.00222927
331      0.00147962
332     -0.00053349
333     -0.00254669
334     -0.00380034
335     -0.00460388
336     -0.00594143
337     -0.00733380
338     -0.00780795
339     -0.00824365
340     -0.00951350
341     -0.01031544
342     -0.00917306
343     -0.00613325
344     -0.00162377
345      0.00365116
346      0.00790614
347      0.00971735
348      0.00986410
349      0.00992096
350      0.00938870
351      0.00671635
352      0.00283843
353      0.00064606
354      0.00126438
355      0.00305610
356      0.00398846
357      0.00344563
358      0.00216772
359      0.00166192
360      0.00295591
361      0.00516709
362      0.00654870
363      0.00696759
364      0.00723134
365      0.00672614
366      0.00448654
367      0.00155757
368     -0.00044086
369     -0.00189003
370     -0.00372386
371     -0.00493551
372     -0.00435635
373     -0.00306223
374     -0.00254948
375     -0.00247733
376     -0.00195996
377     -0.00144090
378     -0.00159741
379     -0.00179152
380     -0.00124622
381     -0.00055864
382     -0.00088010
383     -0.00183788
384     -0.00175614
385     -0.00027490
386      0.00154927
387      0.00302865
388      0.00383164
389      0.00387080
390      0.00368872
391      0.00360304
392      0.00297619
393      0.00118998
394     -0.00105889
395     -0.00222383
396     -0.00132300
397      0.00161545
398      0.00416310
399     -0.00020038
