0      0.00279302
1      0.00216647
2      0.00092763
3     -0.00034162
4     -0.00114320
5     -0.00126660
6     -0.00082463
7     -0.00014898
8      0.00038237
9      0.00052102
10      0.00025266
11     -0.00022738
12     -0.00064580
13     -0.00080506
14     -0.00067322
15     -0.00037248
16     -0.00008794
17      0.00004158
18     -0.00001173
19     -0.00016730
20     -0.00028696
21     -0.00024548
22      0.00000624
23      0.00042052
24      0.00089201
25      0.00132203
26      0.00165211
27      0.00185388
28      0.00190523
29      0.00177441
30      0.00141024
31      0.00074270
32     -0.00029408
33     -0.00171486
34     -0.00342203
35     -0.00515528
36     -0.00649459
37     -0.00694770
38     -0.00611070
39     -0.00384632
40     -0.00040899
41      0.00354326
42      0.00709317
43      0.00935428
44      0.00979360
45      0.00841790
46      0.00573444
47      0.00253970
48     -0.00036715
49     -0.00245928
50     -0.00363382
51     -0.00414082
52     -0.00433501
53     -0.00443476
54     -0.00443312
55     -0.00416511
56     -0.00344701
57     -0.00221328
58     -0.00059490
59      0.00109728
60      0.00248594
61      0.00328298
62      0.00339853
63      0.00294622
64      0.00216085
65      0.00129213
66      0.00052838
67     -0.00004006
68     -0.00042197
69     -0.00068851
70     -0.00090912
71     -0.00110386
72     -0.00124519
73     -0.00128854
74     -0.00119371
75     -0.00093284
76     -0.00050437
77      0.00004820
78      0.00063430
79      0.00113891
80      0.00145239
81      0.00149288
82      0.00122661
83      0.00069118
84      0.00000496
85     -0.00065831
86     -0.00112364
87     -0.00126827
88     -0.00105601
89     -0.00055123
90      0.00009039
91      0.00066547
92      0.00099423
93      0.00098567
94      0.00066294
95      0.00014272
96     -0.00041101
97     -0.00083695
98     -0.00101934
99     -0.00091661
100     -0.00057182
101     -0.00010329
102      0.00032745
103      0.00056929
104      0.00054111
105      0.00027015
106     -0.00011120
107     -0.00041398
108     -0.00047285
109     -0.00022475
110      0.00025290
111      0.00076825
112      0.00109834
113      0.00109091
114      0.00073239
115      0.00014848
116     -0.00045596
117     -0.00088284
118     -0.00101605
119     -0.00085772
120     -0.00051206
121     -0.00012846
122      0.00016404
123      0.00030090
124      0.00029273
125      0.00020561
126      0.00012031
127      0.00008967
128      0.00011857
129      0.00017392
130      0.00020912
131      0.00018590
132      0.00008901
133     -0.00006928
134     -0.00025662
135     -0.00043098
136     -0.00054515
137     -0.00055241
138     -0.00042226
139     -0.00015792
140      0.00019767
141      0.00056846
142      0.00085955
143      0.00097936
144      0.00087004
145      0.00053551
146      0.00004981
147     -0.00046207
148     -0.00086124
149     -0.00103884
150     -0.00095310
151     -0.00064225
152     -0.00020596
153      0.00023233
154      0.00056581
155      0.00073509
156      0.00073791
157      0.00061168
158      0.00040241
159      0.00014268
160     -0.00014879
161     -0.00045180
162     -0.00072911
163     -0.00092559
164     -0.00098549
165     -0.00087468
166     -0.00059332
167     -0.00017712
168      0.00030684
169      0.00077139
170      0.00112841
171      0.00130817
172      0.00127282
173      0.00102559
174      0.00061508
175      0.00012742
176     -0.00033596
177     -0.00068554
178     -0.00086509
179     -0.00086344
180     -0.00071551
181     -0.00048932
182     -0.00026158
183     -0.00009241
184     -0.00000705
185      0.00001106
186      0.00000882
187      0.00003507
188      0.00011273
189      0.00022856
190      0.00033980
191      0.00039149
192      0.00034220
193      0.00018889
194     -0.00002763
195     -0.00024329
196     -0.00039985
197     -0.00046109
198     -0.00041461
199     -0.00027003
200     -0.00005555
201      0.00019011
202      0.00042509
203      0.00060650
204      0.00069337
205      0.00065657
206      0.00049027
207      0.00021669
208     -0.00011662
209     -0.00044549
210     -0.00070371
211     -0.00084096
212     -0.00083832
213     -0.00071292
214     -0.00050703
215     -0.00026854
216     -0.00003466
217      0.00017439
218      0.00035394
219      0.00050832
220      0.00064075
221      0.00074593
222      0.00081068
223      0.00081992
224      0.00076065
225      0.00062386
226      0.00040729
227      0.00011827
228     -0.00022572
229     -0.00059539
230     -0.00094422
231     -0.00120846
232     -0.00132395
233     -0.00125217
234     -0.00099605
235     -0.00059988
236     -0.00013849
237      0.00030192
238      0.00064939
239      0.00086744
240      0.00095696
241      0.00093874
242      0.00083409
243      0.00065808
244      0.00042420
245      0.00015157
246     -0.00013013
247     -0.00038053
248     -0.00055683
249     -0.00062976
250     -0.00059619
251     -0.00047764
252     -0.00030949
253     -0.00013104
254      0.00002307
255      0.00013204
256      0.00019434
257      0.00022296
258      0.00023250
259      0.00022944
260      0.00021359
261      0.00018463
262      0.00014450
263      0.00009762
264      0.00005254
265      0.00001899
266     -0.00000149
267     -0.00001734
268     -0.00003523
269     -0.00005168
270     -0.00006038
271     -0.00006347
272     -0.00007077
273     -0.00009069
274     -0.00012566
275     -0.00017207
276     -0.00021887
277     -0.00024670
278     -0.00023333
279     -0.00016597
280     -0.00005220
281      0.00008206
282      0.00020764
283      0.00030522
284      0.00036471
285      0.00037722
286      0.00033408
287      0.00023419
288      0.00008951
289     -0.00007688
290     -0.00023555
291     -0.00035498
292     -0.00040759
293     -0.00037875
294     -0.00027490
295     -0.00012484
296      0.00002989
297      0.00015070
298      0.00021415
299      0.00021738
300      0.00017902
301      0.00013276
302      0.00011040
303      0.00012270
304      0.00015388
305      0.00017414
306      0.00015674
307      0.00008745
308     -0.00003086
309     -0.00017456
310     -0.00030245
311     -0.00037210
312     -0.00036100
313     -0.00027590
314     -0.00014597
315     -0.00000948
316      0.00009818
317      0.00015486
318      0.00015925
319      0.00013064
320      0.00009831
321      0.00008611
322      0.00010137
323      0.00013376
324      0.00016223
325      0.00016525
326      0.00013007
327      0.00005817
328     -0.00003488
329     -0.00012619
330     -0.00019525
331     -0.00023015
332     -0.00022881
333     -0.00019775
334     -0.00014979
335     -0.00009945
336     -0.00005743
337     -0.00002637
338     -0.00000095
339      0.00002676
340      0.00006012
341      0.00009533
342      0.00012552
343      0.00014609
344      0.00015583
345      0.00015645
346      0.00015270
347      0.00014960
348      0.00014738
349      0.00014126
350      0.00012725
351      0.00010501
352      0.00007286
353      0.00002323
354     -0.00005244
355     -0.00015329
356     -0.00026395
357     -0.00035904
358     -0.00041144
359     -0.00039974
360     -0.00031676
361     -0.00017740
362     -0.00001573
363      0.00013195
364      0.00024301
365      0.00030975
366      0.00033138
367      0.00030922
368      0.00024752
369      0.00015530
370      0.00004679
371     -0.00005917
372     -0.00014198
373     -0.00018494
374     -0.00018175
375     -0.00014017
376     -0.00008004
377     -0.00002578
378      0.00000345
379      0.00000165
380     -0.00002110
381     -0.00004360
382     -0.00004529
383     -0.00001840
384      0.00002869
385      0.00007773
386      0.00010999
387      0.00011363
388      0.00008693
389      0.00003698
390     -0.00002258
391     -0.00007309
392     -0.00009626
393     -0.00008371
394     -0.00004215
395      0.00001236
396      0.00006500
397      0.00010635
398      0.00013088
399      0.00013708
400      0.00012893
401      0.00011242
402      0.00008916
403      0.00005456
404      0.00000235
405     -0.00006943
406     -0.00015534
407     -0.00024234
408     -0.00031205
409     -0.00034565
410     -0.00032916
411     -0.00025687
412     -0.00013376
413      0.00002199
414      0.00018006
415      0.00030733
416      0.00037998
417      0.00038816
418      0.00033359
419      0.00022797
420      0.00009321
421     -0.00004365
422     -0.00016009
423     -0.00024209
424     -0.00027976
425     -0.00026512
426     -0.00019726
427     -0.00008694
428      0.00004455
429      0.00016887
430      0.00025566
431      0.00028310
432      0.00024860
433      0.00016942
434      0.00007256
435     -0.00001753
436     -0.00008739
437     -0.00013675
438     -0.00017204
439     -0.00019647
440     -0.00020667
441     -0.00019698
442     -0.00016333
443     -0.00010490
444     -0.00002745
445      0.00005296
446      0.00011363
447      0.00013665
448      0.00011838
449      0.00007048
450      0.00001350
451     -0.00003272
452     -0.00005602
453     -0.00005274
454     -0.00002481
455      0.00002040
456      0.00006974
457      0.00010975
458      0.00013322
459      0.00013856
460      0.00012529
461      0.00009456
462      0.00005276
463      0.00000973
464     -0.00002696
465     -0.00005478
466     -0.00007482
467     -0.00008945
468     -0.00010051
469     -0.00010878
470     -0.00011471
471     -0.00011896
472     -0.00012062
473     -0.00011542
474     -0.00009625
475     -0.00005644
476      0.00000501
477      0.00007915
478      0.00014826
479      0.00019249
480      0.00019837
481      0.00016553
482      0.00010777
483      0.00004665
484      0.00000117
485     -0.00001936
486     -0.00001681
487     -0.00000117
488      0.00001328
489      0.00001287
490     -0.00000955
491     -0.00005052
492     -0.00009686
493     -0.00013225
494     -0.00014615
495     -0.00013801
496     -0.00011293
497     -0.00007638
498     -0.00003590
499     -0.00000259
