0     -0.00031994
1      0.00187263
2      0.00184003
3      0.00159746
4      0.00207437
5      0.00313755
6      0.00417716
7      0.00463660
8      0.00428736
9      0.00334775
10      0.00238341
11      0.00190268
12      0.00195691
13      0.00218554
14      0.00223905
15      0.00208541
16      0.00190978
17      0.00181985
18      0.00170332
19      0.00132823
20      0.00051851
21     -0.00075937
22     -0.00238423
23     -0.00409581
24     -0.00557523
25     -0.00661471
26     -0.00728337
27     -0.00791428
28     -0.00886197
29     -0.01019706
30     -0.01159091
31     -0.01251092
32     -0.01260787
33     -0.01197793
34     -0.01103968
35     -0.01006773
36     -0.00873650
37     -0.00601980
38     -0.00055770
39      0.00851418
40      0.02048960
41      0.03260441
42      0.04103651
43      0.04295363
44      0.03792908
45      0.02785523
46      0.01603105
47      0.00595286
48     -0.00026218
49     -0.00305599
50     -0.00481591
51     -0.00772045
52     -0.01213444
53     -0.01681403
54     -0.02011409
55     -0.02095368
56     -0.01918242
57     -0.01554648
58     -0.01132665
59     -0.00770982
60     -0.00521202
61     -0.00353087
62     -0.00198793
63     -0.00022214
64      0.00151854
65      0.00272461
66      0.00310112
67      0.00266653
68      0.00168298
69      0.00067261
70      0.00023509
71      0.00055224
72      0.00117402
73      0.00146392
74      0.00119790
75      0.00071234
76      0.00065538
77      0.00163929
78      0.00387028
79      0.00684338
80      0.00936384
81      0.01002246
82      0.00793442
83      0.00334905
84     -0.00226085
85     -0.00680646
86     -0.00859078
87     -0.00710004
88     -0.00319051
89      0.00130485
90      0.00436386
91      0.00471291
92      0.00243325
93     -0.00122429
94     -0.00465034
95     -0.00664244
96     -0.00672195
97     -0.00512181
98     -0.00259167
99     -0.00004440
100      0.00178366
101      0.00246080
102      0.00185087
103      0.00015965
104     -0.00202455
105     -0.00386574
106     -0.00454421
107     -0.00354845
108     -0.00097863
109      0.00232757
110      0.00511658
111      0.00637828
112      0.00586074
113      0.00411764
114      0.00218022
115      0.00105909
116      0.00124059
117      0.00242235
118      0.00370002
119      0.00407867
120      0.00297552
121      0.00049610
122     -0.00258564
123     -0.00516921
124     -0.00634039
125     -0.00575558
126     -0.00373811
127     -0.00114001
128      0.00098730
129      0.00184786
130      0.00125239
131     -0.00036613
132     -0.00221973
133     -0.00349823
134     -0.00365577
135     -0.00261596
136     -0.00077581
137      0.00124336
138      0.00292671
139      0.00402167
140      0.00446651
141      0.00425052
142      0.00338247
143      0.00196077
144      0.00023133
145     -0.00142960
146     -0.00260514
147     -0.00296720
148     -0.00242020
149     -0.00121026
150      0.00011775
151      0.00097977
152      0.00108463
153      0.00058022
154     -0.00007520
155     -0.00039197
156     -0.00011677
157      0.00060343
158      0.00125700
159      0.00125987
160      0.00034720
161     -0.00121732
162     -0.00274916
163     -0.00348098
164     -0.00294106
165     -0.00120003
166      0.00113264
167      0.00318172
168      0.00420631
169      0.00391092
170      0.00253752
171      0.00073590
172     -0.00073882
173     -0.00137890
174     -0.00114376
175     -0.00043642
176      0.00014544
177      0.00014482
178     -0.00052891
179     -0.00161712
180     -0.00272695
181     -0.00356043
182     -0.00400841
183     -0.00410794
184     -0.00392540
185     -0.00344220
186     -0.00252945
187     -0.00104300
188      0.00101814
189      0.00338981
190      0.00556945
191      0.00702067
192      0.00742999
193      0.00683575
194      0.00556468
195      0.00407232
196      0.00278278
197      0.00194446
198      0.00153945
199      0.00131923
200      0.00095694
201      0.00020409
202     -0.00103991
203     -0.00274441
204     -0.00477452
205     -0.00688595
206     -0.00872054
207     -0.00988201
208     -0.01008256
209     -0.00925026
210     -0.00753472
211     -0.00525314
212     -0.00279576
213     -0.00048982
214      0.00153748
215      0.00338819
216      0.00526935
217      0.00729235
218      0.00932629
219      0.01098851
220      0.01177921
221      0.01130314
222      0.00948455
223      0.00666646
224      0.00351807
225      0.00076632
226     -0.00111862
227     -0.00209471
228     -0.00247343
229     -0.00269086
230     -0.00311901
231     -0.00395642
232     -0.00513315
233     -0.00628920
234     -0.00693380
235     -0.00671292
236     -0.00558894
237     -0.00384242
238     -0.00193567
239     -0.00034155
240      0.00058219
241      0.00066939
242     -0.00001379
243     -0.00118209
244     -0.00242324
245     -0.00332252
246     -0.00354476
247     -0.00288468
248     -0.00135361
249      0.00073838
250      0.00283338
251      0.00434016
252      0.00488197
253      0.00443995
254      0.00336679
255      0.00227082
256      0.00174113
257      0.00201394
258      0.00283416
259      0.00362356
260      0.00379931
261      0.00304683
262      0.00146918
263     -0.00040935
264     -0.00184143
265     -0.00221605
266     -0.00137756
267      0.00027879
268      0.00196990
269      0.00285819
270      0.00241849
271      0.00067519
272     -0.00182058
273     -0.00424293
274     -0.00581250
275     -0.00606658
276     -0.00502385
277     -0.00318583
278     -0.00131450
279     -0.00008175
280      0.00019552
281     -0.00039088
282     -0.00143150
283     -0.00233574
284     -0.00250978
285     -0.00159432
286      0.00034488
287      0.00282764
288      0.00516825
289      0.00672861
290      0.00710395
291      0.00623764
292      0.00444892
293      0.00231894
294      0.00046198
295     -0.00069330
296     -0.00102032
297     -0.00070585
298     -0.00016369
299      0.00013246
300     -0.00015014
301     -0.00104708
302     -0.00227947
303     -0.00340595
304     -0.00403736
305     -0.00399621
306     -0.00338628
307     -0.00255916
308     -0.00194824
309     -0.00181299
310     -0.00207600
311     -0.00238134
312     -0.00229664
313     -0.00150313
314      0.00007212
315      0.00217855
316      0.00428933
317      0.00581044
318      0.00631502
319      0.00565514
320      0.00398414
321      0.00175415
322     -0.00038712
323     -0.00183846
324     -0.00228591
325     -0.00177013
326     -0.00060649
327      0.00071657
328      0.00164736
329      0.00175025
330      0.00090676
331     -0.00060689
332     -0.00224858
333     -0.00346739
334     -0.00392595
335     -0.00357633
336     -0.00264295
337     -0.00155823
338     -0.00077656
339     -0.00055036
340     -0.00081550
341     -0.00124709
342     -0.00144072
343     -0.00110945
344     -0.00019810
345      0.00112178
346      0.00253629
347      0.00370339
348      0.00437262
349      0.00446750
350      0.00408658
351      0.00343187
352      0.00269533
353      0.00195824
354      0.00117546
355      0.00025678
356     -0.00082311
357     -0.00196659
358     -0.00298576
359     -0.00369134
360     -0.00395523
361     -0.00371573
362     -0.00297144
363     -0.00179759
364     -0.00036522
365      0.00107961
366      0.00227304
367      0.00300003
368      0.00314004
369      0.00269139
370      0.00178632
371      0.00066845
372     -0.00038584
373     -0.00115710
374     -0.00153548
375     -0.00153890
376     -0.00130722
377     -0.00105867
378     -0.00099204
379     -0.00118817
380     -0.00159847
381     -0.00209649
382     -0.00250199
383     -0.00260524
384     -0.00227586
385     -0.00156543
386     -0.00064762
387      0.00031888
388      0.00121443
389      0.00191189
390      0.00231766
391      0.00244891
392      0.00239916
393      0.00224690
394      0.00204646
395      0.00186322
396      0.00175493
397      0.00172472
398      0.00172849
399      0.00171145
400      0.00160828
401      0.00133319
402      0.00081610
403      0.00006947
404     -0.00078969
405     -0.00160312
406     -0.00225841
407     -0.00270929
408     -0.00293272
409     -0.00290452
410     -0.00262975
411     -0.00216533
412     -0.00157412
413     -0.00087994
414     -0.00010777
415      0.00064839
416      0.00124130
417      0.00154557
418      0.00149484
419      0.00109317
420      0.00043813
421     -0.00028057
422     -0.00084218
423     -0.00107810
424     -0.00091451
425     -0.00037859
426      0.00039749
427      0.00119202
428      0.00176721
429      0.00196642
430      0.00175640
431      0.00120702
432      0.00046698
433     -0.00025454
434     -0.00073647
435     -0.00081685
436     -0.00044984
437      0.00025604
438      0.00104684
439      0.00161520
440      0.00174837
441      0.00142441
442      0.00078474
443      0.00004818
444     -0.00055746
445     -0.00086973
446     -0.00087755
447     -0.00072460
448     -0.00060863
449     -0.00068194
450     -0.00101168
451     -0.00155553
452     -0.00216023
453     -0.00263011
454     -0.00283101
455     -0.00273122
456     -0.00236386
457     -0.00179527
458     -0.00112661
459     -0.00046452
460      0.00014764
461      0.00075240
462      0.00140782
463      0.00209923
464      0.00272892
465      0.00317821
466      0.00335141
467      0.00317695
468      0.00263197
469      0.00180479
470      0.00090882
471      0.00018844
472     -0.00021000
473     -0.00027981
474     -0.00009403
475      0.00024141
476      0.00058014
477      0.00075662
478      0.00065477
479      0.00023903
480     -0.00046628
481     -0.00136958
482     -0.00227596
483     -0.00292552
484     -0.00312847
485     -0.00287993
486     -0.00236207
487     -0.00184588
488     -0.00153864
489     -0.00144342
490     -0.00134568
491     -0.00099817
492     -0.00036834
493      0.00032482
494      0.00082629
495      0.00104892
496      0.00111966
497      0.00138992
498      0.00240162
499      0.00455368
