0      0.00286351
1      0.00175493
2      0.00025762
3     -0.00105008
4     -0.00174306
5     -0.00169141
6     -0.00106499
7     -0.00022864
8      0.00042634
9      0.00065077
10      0.00043055
11     -0.00004025
12     -0.00048422
13     -0.00069106
14     -0.00061157
15     -0.00034905
16     -0.00007252
17      0.00007951
18      0.00005592
19     -0.00009519
20     -0.00025505
21     -0.00029263
22     -0.00012835
23      0.00023355
24      0.00071967
25      0.00122912
26      0.00167040
27      0.00197672
28      0.00210047
29      0.00199545
30      0.00159918
31      0.00083408
32     -0.00035837
33     -0.00195741
34     -0.00380120
35     -0.00555913
36     -0.00677019
37     -0.00695750
38     -0.00579239
39     -0.00324971
40      0.00030703
41      0.00415849
42      0.00740584
43      0.00926026
44      0.00932526
45      0.00772210
46      0.00500835
47      0.00195647
48     -0.00071465
49     -0.00257611
50     -0.00359637
51     -0.00404299
52     -0.00423771
53     -0.00434089
54     -0.00429670
55     -0.00392929
56     -0.00309385
57     -0.00179343
58     -0.00021506
59      0.00132502
60      0.00250124
61      0.00310642
62      0.00312136
63      0.00269394
64      0.00204698
65      0.00137577
66      0.00078861
67      0.00030084
68     -0.00013494
69     -0.00057677
70     -0.00103736
71     -0.00145943
72     -0.00174270
73     -0.00179711
74     -0.00158038
75     -0.00110795
76     -0.00044908
77      0.00028262
78      0.00095051
79      0.00142844
80      0.00163082
81      0.00152674
82      0.00114162
83      0.00055440
84     -0.00010845
85     -0.00069201
86     -0.00105129
87     -0.00109940
88     -0.00083937
89     -0.00036102
90      0.00019084
91      0.00065571
92      0.00089784
93      0.00084836
94      0.00053037
95      0.00004718
96     -0.00045677
97     -0.00083910
98     -0.00099394
99     -0.00087947
100     -0.00053566
101     -0.00007922
102      0.00033138
103      0.00055265
104      0.00051235
105      0.00024135
106     -0.00013120
107     -0.00042172
108     -0.00046835
109     -0.00021139
110      0.00026637
111      0.00077072
112      0.00108512
113      0.00106684
114      0.00070576
115      0.00012667
116     -0.00046399
117     -0.00086832
118     -0.00098178
119     -0.00082579
120     -0.00051557
121     -0.00019216
122      0.00004130
123      0.00015297
124      0.00017688
125      0.00017684
126      0.00020294
127      0.00026592
128      0.00034038
129      0.00038672
130      0.00037238
131      0.00028204
132      0.00011993
133     -0.00009197
134     -0.00031925
135     -0.00051950
136     -0.00064550
137     -0.00065281
138     -0.00051466
139     -0.00023743
140      0.00013269
141      0.00051301
142      0.00079928
143      0.00089661
144      0.00075834
145      0.00041140
146     -0.00004915
147     -0.00049298
148     -0.00079654
149     -0.00088054
150     -0.00073439
151     -0.00041667
152     -0.00002782
153      0.00032997
154      0.00058541
155      0.00071102
156      0.00071483
157      0.00061758
158      0.00043414
159      0.00017416
160     -0.00014512
161     -0.00048850
162     -0.00080084
163     -0.00101442
164     -0.00106772
165     -0.00093108
166     -0.00062101
167     -0.00019160
168      0.00028343
169      0.00072346
170      0.00105234
171      0.00121610
172      0.00119703
173      0.00101059
174      0.00069372
175      0.00030010
176     -0.00010222
177     -0.00044336
178     -0.00067207
179     -0.00076864
180     -0.00074403
181     -0.00063056
182     -0.00047015
183     -0.00030372
184     -0.00016245
185     -0.00006053
186      0.00000736
187      0.00005811
188      0.00010651
189      0.00015611
190      0.00019949
191      0.00022431
192      0.00021982
193      0.00018143
194      0.00011252
195      0.00002529
196     -0.00005917
197     -0.00011480
198     -0.00011941
199     -0.00006322
200      0.00004773
201      0.00019062
202      0.00032545
203      0.00040330
204      0.00038590
205      0.00026330
206      0.00005659
207     -0.00019017
208     -0.00042028
209     -0.00057875
210     -0.00063223
211     -0.00058158
212     -0.00045617
213     -0.00029695
214     -0.00013948
215     -0.00000245
216      0.00011428
217      0.00022249
218      0.00033538
219      0.00045847
220      0.00058218
221      0.00068124
222      0.00072641
223      0.00069935
224      0.00059590
225      0.00041924
226      0.00017684
227     -0.00011619
228     -0.00043499
229     -0.00074400
230     -0.00099629
231     -0.00113952
232     -0.00113329
233     -0.00096704
234     -0.00066599
235     -0.00028597
236      0.00010043
237      0.00042580
238      0.00065052
239      0.00077059
240      0.00080599
241      0.00078278
242      0.00072039
243      0.00062573
244      0.00049269
245      0.00030908
246      0.00007095
247     -0.00020365
248     -0.00047214
249     -0.00068045
