0      0.00288938
1      0.00283954
2      0.00127117
3     -0.00026261
4     -0.00074553
5     -0.00004114
6      0.00127894
7      0.00235448
8      0.00251631
9      0.00165180
10      0.00023016
11     -0.00105721
12     -0.00173556
13     -0.00171744
14     -0.00117329
15     -0.00033310
16      0.00060247
17      0.00147553
18      0.00219698
19      0.00275068
20      0.00313486
21      0.00330840
22      0.00322382
23      0.00289684
24      0.00240329
25      0.00179869
26      0.00106537
27      0.00013038
28     -0.00109976
29     -0.00269164
30     -0.00459208
31     -0.00658783
32     -0.00843063
33     -0.01003384
34     -0.01148188
35     -0.01278176
36     -0.01358746
37     -0.01314560
38     -0.01050104
39     -0.00492400
40      0.00353682
41      0.01363744
42      0.02305068
43      0.02916154
44      0.03019654
45      0.02601849
46      0.01815104
47      0.00908554
48      0.00122463
49     -0.00410151
50     -0.00704987
51     -0.00879965
52     -0.01052121
53     -0.01257414
54     -0.01443321
55     -0.01519177
56     -0.01417544
57     -0.01132700
58     -0.00726324
59     -0.00301006
60      0.00049095
61      0.00281695
62      0.00415225
63      0.00499168
64      0.00570080
65      0.00626278
66      0.00634979
67      0.00562605
68      0.00403611
69      0.00188295
70     -0.00031123
71     -0.00204158
72     -0.00303512
73     -0.00333748
74     -0.00319450
75     -0.00279327
76     -0.00209622
77     -0.00091619
78      0.00085454
79      0.00304042
80      0.00511651
81      0.00633154
82      0.00602229
83      0.00398807
84      0.00069847
85     -0.00283410
86     -0.00544188
87     -0.00626201
88     -0.00509641
89     -0.00250439
90      0.00043952
91      0.00260825
92      0.00326911
93      0.00233170
94      0.00033418
95     -0.00181861
96     -0.00325565
97     -0.00348612
98     -0.00252210
99     -0.00076885
100      0.00117983
101      0.00271333
102      0.00333650
103      0.00280437
104      0.00123976
105     -0.00086275
106     -0.00278753
107     -0.00384428
108     -0.00360912
109     -0.00211499
110      0.00010073
111      0.00219685
112      0.00341832
113      0.00345215
114      0.00255270
115      0.00138012
116      0.00063049
117      0.00064680
118      0.00123575
119      0.00180748
120      0.00174753
121      0.00077874
122     -0.00089373
123     -0.00269165
124     -0.00393303
125     -0.00413529
126     -0.00323125
127     -0.00159986
128      0.00011760
129      0.00132735
130      0.00172842
131      0.00137359
132      0.00056257
133     -0.00033074
134     -0.00100461
135     -0.00129163
136     -0.00114495
137     -0.00059993
138      0.00024839
139      0.00125229
140      0.00222243
141      0.00293129
142      0.00314032
143      0.00268700
144      0.00159340
145      0.00010458
146     -0.00138137
147     -0.00244436
148     -0.00278524
149     -0.00234909
150     -0.00136572
151     -0.00024744
152      0.00060395
153      0.00096052
154      0.00083949
155      0.00046858
156      0.00014876
157      0.00007099
158      0.00020369
159      0.00031713
160      0.00012977
161     -0.00050922
162     -0.00148466
163     -0.00242525
164     -0.00288140
165     -0.00256313
166     -0.00148768
167      0.00002999
168      0.00151777
169      0.00254196
170      0.00287072
171      0.00255125
172      0.00186804
173      0.00119499
174      0.00082121
175      0.00083822
176      0.00113099
177      0.00145016
178      0.00152578
179      0.00118282
180      0.00039169
181     -0.00074701
182     -0.00204648
183     -0.00326917
184     -0.00416764
185     -0.00454055
186     -0.00426548
187     -0.00330881
188     -0.00176293
189      0.00010770
190      0.00189693
191      0.00319053
192      0.00372576
193      0.00347803
194      0.00265244
195      0.00159316
196      0.00064901
197      0.00005763
198     -0.00010774
199      0.00007050
200      0.00040974
201      0.00071166
202      0.00083970
203      0.00074005
204      0.00040817
205     -0.00014485
206     -0.00088684
207     -0.00172972
208     -0.00251893
209     -0.00308046
210     -0.00328545
211     -0.00308512
212     -0.00251051
213     -0.00165529
214     -0.00064566
215      0.00040709
216      0.00144373
217      0.00244358
218      0.00336409
219      0.00409761
220      0.00449007
221      0.00441048
222      0.00382309
223      0.00283020
224      0.00165343
225      0.00053324
226     -0.00039208
227     -0.00113863
228     -0.00183186
229     -0.00260342
230     -0.00348880
231     -0.00437345
232     -0.00500862
233     -0.00510175
234     -0.00444370
235     -0.00301773
236     -0.00105175
237      0.00102728
238      0.00273791
239      0.00373596
240      0.00394029
241      0.00352226
242      0.00278793
243      0.00202414
244      0.00136851
245      0.00076109
246      0.00001603
247     -0.00102923
248     -0.00236954
249     -0.00374879
