0     -0.01788970
1     -0.01404922
2     -0.00683455
3      0.00294776
4      0.01310770
5      0.02114815
6      0.02495981
7      0.02324636
8      0.01603959
9      0.00459271
10     -0.00936124
11     -0.02396789
12     -0.03675064
13     -0.04451627
14     -0.04450092
15     -0.03597306
16     -0.02059152
17     -0.00132066
18      0.01851171
19      0.03522934
20      0.04512052
21      0.04628796
22      0.03996836
23      0.02962702
24      0.01849727
25      0.00817057
26     -0.00109447
27     -0.00947747
28     -0.01687612
29     -0.02275384
30     -0.02640180
31     -0.02746439
32     -0.02610677
33     -0.02265027
34     -0.01739512
35     -0.01068553
36     -0.00301535
37      0.00463781
38      0.01083881
39      0.01476572
40      0.01671917
41      0.01720702
42      0.01604952
43      0.01295086
44      0.00886364
45      0.00565093
46      0.00415985
47      0.00352648
48      0.00263445
49      0.00119958
50     -0.00076147
51     -0.00340994
52     -0.00671835
53     -0.00986853
54     -0.01144650
55     -0.01045157
56     -0.00721800
57     -0.00328776
58     -0.00035387
59      0.00072529
60      0.00002064
61     -0.00188197
62     -0.00409579
63     -0.00543940
64     -0.00483972
65     -0.00207825
66      0.00201317
67      0.00599254
68      0.00847379
69      0.00864194
70      0.00668944
71      0.00385014
72      0.00169724
73      0.00118684
74      0.00211256
75      0.00338754
76      0.00396530
77      0.00371558
78      0.00292588
79      0.00124328
80     -0.00186679
81     -0.00582408
82     -0.00897756
83     -0.01022144
84     -0.00991051
85     -0.00887064
86     -0.00717495
87     -0.00433078
88     -0.00037586
89      0.00375553
90      0.00697913
91      0.00888896
92      0.00982611
93      0.01018562
94      0.00986002
95      0.00841926
96      0.00566447
97      0.00188505
98     -0.00242303
99     -0.00674344
100     -0.01041932
101     -0.01266766
102     -0.01286752
103     -0.01086726
104     -0.00697616
105     -0.00191654
106      0.00325406
107      0.00752596
108      0.01038224
109      0.01159815
110      0.01085621
111      0.00794761
112      0.00333120
113     -0.00179414
114     -0.00614418
115     -0.00895956
116     -0.00989570
117     -0.00872782
118     -0.00543409
119     -0.00069673
120      0.00417222
121      0.00794396
122      0.00986465
123      0.00972045
124      0.00778717
125      0.00456323
126      0.00052667
127     -0.00377422
128     -0.00769239
129     -0.01051309
130     -0.01167492
131     -0.01112480
132     -0.00929027
133     -0.00659097
134     -0.00298012
135      0.00184064
136      0.00751380
137      0.01271149
138      0.01594209
139      0.01664750
140      0.01515407
141      0.01169375
142      0.00614075
143     -0.00115461
144     -0.00877942
145     -0.01489947
146     -0.01838891
147     -0.01922845
148     -0.01779037
149     -0.01404656
150     -0.00793891
151     -0.00019979
152      0.00760705
153      0.01395274
154      0.01802822
155      0.01960205
156      0.01857272
157      0.01491741
158      0.00902828
159      0.00184571
160     -0.00548650
161     -0.01196363
162     -0.01669451
163     -0.01894178
164     -0.01833722
165     -0.01496618
166     -0.00930429
167     -0.00219706
168      0.00523278
169      0.01176988
170      0.01642629
171      0.01860058
172      0.01796363
173      0.01438735
174      0.00820668
175      0.00045783
176     -0.00731657
177     -0.01369092
178     -0.01775882
179     -0.01902031
180     -0.01714852
181     -0.01220890
182     -0.00492229
183      0.00332996
184      0.01086278
185      0.01634843
186      0.01911112
187      0.01887768
188      0.01550566
189      0.00919616
190      0.00090010
191     -0.00769217
192     -0.01478721
193     -0.01913027
194     -0.02025110
195     -0.01824995
196     -0.01343969
197     -0.00635480
198      0.00199702
199      0.01013916
200      0.01653384
201      0.02012070
202      0.02060260
203      0.01823030
204      0.01331202
205      0.00620246
206     -0.00227351
207     -0.01062547
208     -0.01719422
209     -0.02088179
210     -0.02134364
211     -0.01861285
212     -0.01295792
213     -0.00511511
214      0.00353812
215      0.01138584
216      0.01715714
217      0.02011507
218      0.02007869
219      0.01728859
220      0.01224264
221      0.00559185
222     -0.00189781
223     -0.00929637
224     -0.01551133
225     -0.01955765
226     -0.02079163
227     -0.01887489
228     -0.01388962
229     -0.00653971
230      0.00188175
231      0.00975580
232      0.01554904
233      0.01830499
234      0.01799974
235      0.01530111
236      0.01096043
237      0.00551775
238     -0.00038180
239     -0.00586618
240     -0.01024202
241     -0.01325614
242     -0.01480083
243     -0.01452410
244     -0.01196880
245     -0.00714816
246     -0.00086116
247      0.00560245
248      0.01093729
249      0.01421047
