0      0.00223551
1      0.00145202
2      0.00034331
3     -0.00059835
4     -0.00102817
5     -0.00087334
6     -0.00031770
7      0.00030802
8      0.00067595
9      0.00060524
10      0.00014080
11     -0.00048204
12     -0.00096459
13     -0.00109352
14     -0.00083608
15     -0.00033918
16      0.00015749
17      0.00044057
18      0.00041362
19      0.00012784
20     -0.00024889
21     -0.00050672
22     -0.00048396
23     -0.00013334
24      0.00046854
25      0.00116612
26      0.00178997
27      0.00220602
28      0.00233165
29      0.00212241
30      0.00154963
31      0.00059278
32     -0.00074231
33     -0.00238274
34     -0.00414209
35     -0.00569833
36     -0.00663150
37     -0.00653422
38     -0.00516193
39     -0.00256022
40      0.00087990
41      0.00447185
42      0.00740586
43      0.00901010
44      0.00898451
45      0.00748270
46      0.00501300
47      0.00222938
48     -0.00029561
49     -0.00224537
