0      0.00606489
1      0.00072828
2     -0.00329036
3     -0.00463892
4     -0.00341763
5     -0.00086357
6      0.00140055
7      0.00212809
8      0.00098056
9     -0.00136104
10     -0.00364924
11     -0.00482781
12     -0.00453814
13     -0.00306984
14     -0.00101677
15      0.00100761
16      0.00253803
17      0.00336888
18      0.00357699
19      0.00342099
20      0.00317332
21      0.00300382
22      0.00295121
23      0.00294924
24      0.00286374
25      0.00252399
26      0.00176665
27      0.00049309
28     -0.00130277
29     -0.00357007
30     -0.00622713
31     -0.00911702
32     -0.01196251
33     -0.01439515
34     -0.01597696
35     -0.01613802
36     -0.01416767
37     -0.00949000
38     -0.00213815
39      0.00693304
40      0.01598731
41      0.02308968
42      0.02686697
43      0.02707089
44      0.02462701
45      0.02112130
46      0.01788493
47      0.01506202
48      0.01128837
49      0.00447915
