0      0.01643680
1      0.00678027
2     -0.00029701
3     -0.00144270
4      0.00156977
5      0.00570029
6      0.00842348
7      0.00881136
8      0.00767258
9      0.00603169
10      0.00413864
11      0.00217138
12      0.00064743
13     -0.00050144
14     -0.00178397
15     -0.00276277
16     -0.00246748
17     -0.00111099
18     -0.00014044
19     -0.00052327
20     -0.00190900
21     -0.00310471
22     -0.00295832
23     -0.00156573
24     -0.00060902
25     -0.00161594
26     -0.00387601
27     -0.00525914
28     -0.00500139
29     -0.00448803
30     -0.00553330
31     -0.00879481
32     -0.01328046
33     -0.01657694
34     -0.01637385
35     -0.01246451
36     -0.00686753
37     -0.00164701
38      0.00290011
39      0.00828603
40      0.01684545
41      0.02970985
42      0.04426553
43      0.05426327
44      0.05402516
45      0.04293544
46      0.02697874
47      0.01784604
48      0.02760299
49      0.05694584
